5.818461775779724121e-01 2.058607578277587891e+02 6.080753356218338013e+01 2.443790316581726074e+02 1.264532983303070068e+02
8.454545140266418457e-01 6.103055030107498169e+01 6.026461422443389893e+01 9.696965217590332031e+01 2.460231184959411621e+02
8.081838488578796387e-01 9.875434041023254395e+01 5.672349035739898682e+01 1.467646121978759766e+02 1.904101252555847168e+02
6.738720536231994629e-01 9.942950606346130371e+01 5.581694841384887695e+01 1.414059340953826904e+02 1.962847352027893066e+02
9.108840227127075195e-01 1.015029609203338623e+02 4.969882071018218994e+01 1.427314996719360352e+02 2.325012087821960449e+02
6.683593988418579102e-01 1.509891986846923828e+02 6.267646551132202148e+01 1.960910439491271973e+02 1.911372005939483643e+02
7.175847291946411133e-01 1.589345455169677734e+02 5.829785317182540894e+01 1.984640121459960938e+02 1.979917824268341064e+02
8.653520941734313965e-01 1.615174591541290283e+02 5.793317556381225586e+01 1.997424781322479248e+02 2.378381073474884033e+02
6.508544683456420898e-01 2.040076732635498047e+02 6.040289551019668579e+01 2.451019048690795898e+02 1.890851497650146484e+02
6.399231553077697754e-01 2.022790431976318359e+02 5.939932912588119507e+01 2.384198427200317383e+02 1.858322918415069580e+02
8.820760250091552734e-01 2.040593326091766357e+02 5.775928795337677002e+01 2.389676392078399658e+02 2.173420786857604980e+02
7.061567902565002441e-01 4.865352362394332886e+01 8.648241162300109863e+01 9.847027659416198730e+01 2.292290747165679932e+02
9.476096034049987793e-01 5.961162596940994263e+01 7.854456603527069092e+01 9.704453051090240479e+01 2.459622859954833984e+02
9.930341243743896484e-01 5.816097557544708252e+01 7.803935408592224121e+01 9.583698213100433350e+01 2.522979676723480225e+02
8.607810139656066895e-01 9.645768105983734131e+01 7.904587984085083008e+01 1.448753625154495239e+02 2.260851502418518066e+02
8.750236630439758301e-01 1.001731216907501221e+02 7.511551380157470703e+01 1.427700519561767578e+02 2.355565309524536133e+02
9.831889867782592773e-01 1.027310997247695923e+02 7.759905159473419189e+01 1.406609147787094116e+02 2.374953031539916992e+02
5.895224213600158691e-01 1.370799064636230469e+02 7.518546581268310547e+01 1.651160001754760742e+02 2.401889204978942871e+02
5.412538647651672363e-01 1.505518734455108643e+02 7.941752672195434570e+01 1.978899657726287842e+02 2.269457459449768066e+02
7.886699438095092773e-01 1.618608534336090088e+02 6.995524764060974121e+01 2.011710584163665771e+02 2.349970400333404541e+02
9.680276513099670410e-01 1.635178148746490479e+02 6.645929217338562012e+01 1.984928548336029053e+02 2.453942835330963135e+02
6.341996788978576660e-01 2.019421577453613281e+02 7.037336826324462891e+01 2.390664339065551758e+02 2.333297610282897949e+02
9.304582476615905762e-01 2.035046875476837158e+02 7.523678541183471680e+01 2.391579329967498779e+02 2.316876053810119629e+02
9.689639806747436523e-01 5.098743438720703125e+01 1.132952481508255005e+02 1.016995668411254883e+02 2.445115327835083008e+02
9.761126637458801270e-01 6.053131520748138428e+01 1.004194021224975586e+02 9.785949289798736572e+01 2.418797135353088379e+02
9.950262904167175293e-01 6.270943880081176758e+01 9.200400710105895996e+01 9.731673002243041992e+01 2.343337833881378174e+02
9.625648260116577148e-01 9.299202561378479004e+01 1.115077883005142212e+02 1.435251116752624512e+02 2.453670501708984375e+02
8.318159580230712891e-01 1.006055831909179688e+02 1.115959078073501587e+02 1.403670608997344971e+02 2.433106541633605957e+02
9.209402203559875488e-01 1.025153160095214844e+02 9.936864674091339111e+01 1.403277397155761719e+02 2.413660168647766113e+02
7.738823890686035156e-01 1.245260417461395264e+02 1.143842607736587524e+02 1.790455520153045654e+02 2.494407176971435547e+02
7.349200248718261719e-01 1.463837295770645142e+02 1.116324484348297119e+02 1.984987378120422363e+02 2.467717230319976807e+02
6.131414175033569336e-01 1.613838315010070801e+02 1.048963934183120728e+02 1.980462670326232910e+02 2.408622622489929199e+02
8.219823241233825684e-01 1.650969386100769043e+02 8.970494270324707031e+01 1.973715662956237793e+02 2.366602063179016113e+02
7.586685419082641602e-01 5.717228651046752930e+01 4.656515121459960938e+01 1.075344800949096680e+02 2.480948567390441895e+02
9.002784490585327148e-01 1.237373292446136475e+02 5.041868090629577637e+01 1.717414319515228271e+02 2.285085260868072510e+02
5.753085017204284668e-01 1.932857215404510498e+02 5.528402924537658691e+01 2.379949629306793213e+02 2.311051189899444580e+02
9.689187407493591309e-01 5.459747761487960815e+01 8.011638522148132324e+01 1.111364364624023438e+02 2.434247910976409912e+02
8.297820687294006348e-01 5.678931176662445068e+01 7.165745794773101807e+01 1.216019243001937866e+02 2.354620456695556641e+02
9.998188614845275879e-01 6.079544126987457275e+01 7.395004928112030029e+01 1.054002553224563599e+02 2.417268991470336914e+02
9.997732043266296387e-01 6.148712933063507080e+01 6.733956634998321533e+01 1.013135880231857300e+02 2.416267991065979004e+02
9.735884070396423340e-01 1.226667344570159912e+02 7.278287708759307861e+01 1.794709146022796631e+02 2.461345195770263672e+02
8.324331641197204590e-01 1.206135571002960205e+02 6.831961870193481445e+01 1.841636717319488525e+02 2.321678996086120605e+02
9.999253749847412109e-01 1.337542265653610229e+02 6.593248844146728516e+01 1.723080575466156006e+02 2.363945603370666504e+02
9.998481273651123047e-01 1.287347227334976196e+02 5.892210602760314941e+01 1.689582824707031250e+02 2.304575800895690918e+02
8.449951410293579102e-01 1.960168182849884033e+02 7.497792541980743408e+01 2.500473797321319580e+02 2.406978607177734375e+02
5.559469461441040039e-01 1.879321217536926270e+02 6.900299191474914551e+01 2.542268872261047363e+02 2.344550192356109619e+02
9.993035793304443359e-01 2.050058662891387939e+02 7.116410136222839355e+01 2.432401120662689209e+02 2.349053084850311279e+02
9.986447691917419434e-01 2.007357180118560791e+02 6.685517728328704834e+01 2.396901190280914307e+02 2.304600477218627930e+02
9.336869716644287109e-01 5.729990154504776001e+01 9.800461828708648682e+01 1.065262556076049805e+02 2.619541168212890625e+02
9.864358305931091309e-01 6.051061749458312988e+01 9.171431958675384521e+01 1.027434468269348145e+02 2.633995056152343750e+02
8.157059550285339355e-01 1.261786401271820068e+02 9.303904473781585693e+01 1.771831333637237549e+02 2.589164972305297852e+02
8.939548730850219727e-01 1.267277240753173828e+02 8.412977457046508789e+01 1.739427924156188965e+02 2.582983374595642090e+02
